1 0.048667
2 0.049003
3 0.048988
4 0.048680
5 0.048456
6 0.048172
7 0.048763
8 0.048344
9 0.048466
10 0.048217
11 0.048703
12 0.048362
13 0.048444
14 0.048532
15 0.048210
16 0.048467
17 0.048216
18 0.048365
19 0.048636
20 0.048194
21 0.048214
22 0.048207
23 0.048238
24 0.048196
25 0.048247
26 0.048447
27 0.048638
28 0.048225
29 0.048697
30 0.048396
31 0.049634
32 0.048386
33 0.048854
34 0.049946
35 0.048638
36 0.048681
37 0.049241
38 0.049051
39 0.049562
40 0.048927
41 0.048974
42 0.049130
43 0.049269
44 0.049007
45 0.048507
46 0.048824
47 0.049140
48 0.048806
49 0.048643
50 0.048438
51 0.048393
52 0.048495
53 0.048776
54 0.048915
55 0.048771
56 0.049160
57 0.049092
58 0.049322
59 0.048951
60 0.048629
