#4 threads

1 0.016957
2 0.020282
3 0.017381
4 0.018128
5 0.017872
6 0.019416
7 0.019198
8 0.021189
9 0.019672
10 0.018874
11 0.016804
12 0.018163
13 0.019043
14 0.018942
15 0.019441
16 0.018766
17 0.017691
18 0.018336
19 0.017759
20 0.020590
21 0.019154
22 0.019136
23 0.016376
24 0.018477
25 0.022314
26 0.020324
27 0.018767
28 0.020322
29 0.016630
30 0.017779

#8 threads

1 0.020861
2 0.019700
3 0.022989
4 0.022382
5 0.019329
6 0.020804
7 0.018966
8 0.019914
9 0.021677
10 0.020570
11 0.020231
12 0.018675
13 0.020467
14 0.017829
15 0.023430
16 0.019256
17 0.020629
18 0.017276
19 0.019248
20 0.019537
21 0.019098
22 0.019333
23 0.018159
24 0.019002
25 0.018275
26 0.016919
27 0.019313
28 0.020071
29 0.020584
30 0.020816

#16 threads

1 0.020898
2 0.019740
3 0.021368
4 0.020169
5 0.020395
6 0.018977
7 0.022279
8 0.021058
9 0.021102
10 0.020172
11 0.017864
12 0.020316
13 0.021021
14 0.020744
15 0.019569
16 0.021731
17 0.022090
18 0.020360
19 0.021153
20 0.019329
21 0.020571
22 0.019894
23 0.020782
24 0.021538
25 0.020123
26 0.023088
27 0.022200
28 0.020634
29 0.024088
30 0.019254
