#pulqui 4 threads

1 0.029617
2 0.032781
3 0.031481
4 0.036793
5 0.033388
6 0.039181
7 0.035157
8 0.029946
9 0.038794
10 0.039831
11 0.034683
12 0.032083
13 0.043838
14 0.029987
15 0.039386
16 0.033079
17 0.032808
18 0.039210
19 0.036062
20 0.031339
21 0.030580
22 0.032580
23 0.033053
24 0.037356
25 0.027425
26 0.028543
27 0.031289
28 0.034644
29 0.028186
30 0.036746

#pulqui 8 threads

1 0.025892
2 0.025153
3 0.025031
4 0.025730
5 0.025725
6 0.024538
7 0.025658
8 0.024987
9 0.025041
10 0.025030
11 0.025143
12 0.025057
13 0.025733
14 0.024942
15 0.025750
16 0.025677
17 0.025903
18 0.024334
19 0.025583
20 0.025233
21 0.024592
22 0.024905
23 0.025549
24 0.025711
25 0.027198
26 0.024749
27 0.027751
28 0.024932
29 0.025648
30 0.025080

#pulqui 16 threads

1 0.035249
2 0.031940
3 0.029416
4 0.039768
5 0.031278
6 0.029373
7 0.033921
8 0.033114
9 0.033788
10 0.034064
11 0.030955
12 0.032132
13 0.031256
14 0.053998
15 0.033033
16 0.030329
17 0.028937
18 0.041663
19 0.038246
20 0.038878
21 0.040716
22 0.033848
23 0.036479
24 0.034824
25 0.033688
26 0.057641
27 0.034416
28 0.041734
29 0.032324
30 0.033629
