1 0.130617
2 0.130789
3 0.131377
4 0.130585
5 0.130530
6 0.129689
7 0.131136
8 0.131344
9 0.131086
10 0.131663
11 0.130940
12 0.131024
13 0.131158
14 0.130906
15 0.130951
16 0.131034
17 0.131249
18 0.129779
19 0.130750
21 0.131124
22 0.130598
23 0.130830
24 0.130959
25 0.131137
26 0.131301
27 0.131221
28 0.131116
29 0.131019
30 0.131224
31 0.131225
32 0.130628
33 0.131181
34 0.130783
35 0.130957
36 0.130941
37 0.131620
38 0.130937
39 0.131064
40 0.131017
41 0.131299
42 0.131740
43 0.131911
44 0.130768
45 0.130893
46 0.129418
47 0.131386
48 0.130974
49 0.131340
50 0.130474
51 0.131080
52 0.130630
53 0.130898
54 0.153794
55 0.131240
56 0.130995
57 0.131166
58 0.132401
59 0.131051
60 0.142951
